{
 "pose": [
  [
   [
    -0.6596654700485468,
    0.7412547139958594,
    0.1240278863987704,
    0.09335845034791948
   ],
   [
    0.14349466516732537,
    0.28621406186705917,
    -0.9473599061909238,
    0.15861595694413355
   ],
   [
    -0.7377335214656761,
    -0.6071432777923796,
    -0.295171630644575,
    1.3723790523010275
   ],
   [
    0.0,
    0.0,
    0.0,
    1.0
   ]
  ],
  [
   [
    0.9932311156626952,
    -0.0035441102005819205,
    -0.11610077589027434,
    0.16846329509029917
   ],
   [
    -0.11556342963784429,
    -0.13088864506807502,
    -0.9846386425093127,
    0.20634657036940107
   ],
   [
    -0.011706605390825447,
    0.991390741269621,
    -0.1304122444983366,
    1.2937893885904688
   ],
   [
    0.0,
    0.0,
    0.0,
    1.0
   ]
  ],
  [
   [
    0.05083262500834035,
    0.9987070828924389,
    0.0004547694318474985,
    -0.16338979372137563
   ],
   [
    0.1365557603620242,
    -0.006499391302174501,
    -0.990611065062697,
    0.06815434104586038
   ],
   [
    -0.989327331345248,
    0.050417462185000386,
    -0.13670958620416215,
    1.511635400087367
   ],
   [
    0.0,
    0.0,
    0.0,
    1.0
   ]
  ],
  [
   [
    -0.8487623042703044,
    0.52797526131169,
    0.029063280830215664,
    -0.22819181800721514
   ],
   [
    0.11933452790642543,
    0.24480568753858836,
    -0.9622003147983842,
    0.11277626872585855
   ],
   [
    -0.5151328190856352,
    -0.813211103460603,
    -0.27078751800863066,
    0.9344242972811321
   ],
   [
    0.0,
    0.0,
    0.0,
    1.0
   ]
  ],
  [
   [
    0.667163259627926,
    0.7444933276828606,
    -0.024957364410965396,
    0.04121512879311741
   ],
   [
    0.07050473835525713,
    -0.09646392272020726,
    -0.9928362369912207,
    0.24906938307733562
   ],
   [
    -0.7415674391935627,
    0.6606242476999546,
    -0.11684749239402448,
    0.924221954821794
   ],
   [
    0.0,
    0.0,
    0.0,
    1.0
   ]
  ],
  [
   [
    0.256912781469093,
    -0.9570055238926454,
    -0.13467089498765872,
    0.39479726065369974
   ],
   [
    -0.31516026155753435,
    0.048767023428565474,
    -0.9477846733097683,
    0.1651305757104049
   ],
   [
    0.9136026665092435,
    0.285940911142286,
    -0.28908123958901005,
    1.5853129472583427
   ],
   [
    0.0,
    0.0,
    0.0,
    1.0
   ]
  ],
  [
   [
    0.98002255521288,
    -0.15074966826862407,
    -0.12973175706401963,
    0.40230274045392367
   ],
   [
    -0.150780405488909,
    -0.13778798599864658,
    -0.9789176371048983,
    0.09163808143992636
   ],
   [
    0.12969603152995182,
    0.9789223709933981,
    -0.1577654302248919,
    0.7081789933260078
   ],
   [
    0.0,
    0.0,
    0.0,
    1.0
   ]
  ],
  [
   [
    0.3085638002600859,
    -0.9469716401020852,
    0.08962752931672856,
    0.3261344014555096
   ],
   [
    -0.15210747932881197,
    -0.1421359162267267,
    -0.978090331232563,
    0.3092958161790066
   ],
   [
    0.9389630961338624,
    0.2881702520399291,
    -0.18789946763616752,
    0.9622424578795167
   ],
   [
    0.0,
    0.0,
    0.0,
    1.0
   ]
  ],
  [
   [
    -0.9594761942939052,
    0.281732043160778,
    -0.00569986313331094,
    0.04724531464106778
   ],
   [
    0.050137184132057575,
    0.15077441040854667,
    -0.9872959738261182,
    0.1503238638081701
   ],
   [
    -0.277293518407108,
    -0.9475727586958208,
    -0.15878970881955215,
    1.2140438369109667
   ],
   [
    0.0,
    0.0,
    0.0,
    1.0
   ]
  ],
  [
   [
    -0.6553805368273198,
    -0.7528235695452546,
    -0.06109848676584439,
    -0.0957527169421453
   ],
   [
    -0.18113092447920645,
    0.23518666038029393,
    -0.954923464460096,
    0.1770696978162839
   ],
   [
    0.733258440214119,
    -0.6147714273746834,
    -0.29049638885612944,
    1.4356973553521575
   ],
   [
    0.0,
    0.0,
    0.0,
    1.0
   ]
  ],
  [
   [
    0.9135120143617851,
    0.37124940702760306,
    0.16634204939920266,
    -0.31579738178506406
   ],
   [
    0.2541094614876945,
    -0.20142142629092197,
    -0.9459692334391031,
    0.08422548494909898
   ],
   [
    -0.3176856641384807,
    0.9064233485588198,
    -0.27833887976405386,
    0.883900858744741
   ],
   [
    0.0,
    0.0,
    0.0,
    1.0
   ]
  ],
  [
   [
    0.4907414134954149,
    0.870144269587152,
    0.04496459924389211,
    -0.23291726758033007
   ],
   [
    0.18364287306099228,
    -0.052847786549892986,
    -0.9815713966037731,
    0.2083847814705213
   ],
   [
    -0.8517324464022878,
    0.4899551628071888,
    -0.18573039111614176,
    0.7420103456687638
   ],
   [
    0.0,
    0.0,
    0.0,
    1.0
   ]
  ],
  [
   [
    0.3537242840646695,
    0.9242565627320949,
    -0.14362777276553743,
    -0.41352495918704096
   ],
   [
    0.05962593952075677,
    -0.1755243434789727,
    -0.982667773045673,
    0.1823461656305626
   ],
   [
    -0.9334473087428149,
    0.3390295136015851,
    -0.11719688864414694,
    1.012190221711177
   ],
   [
    0.0,
    0.0,
    0.0,
    1.0
   ]
  ],
  [
   [
    0.3592143571286473,
    0.932982712667189,
    0.022545587080969896,
    -0.17348467704780107
   ],
   [
    0.17237785392019775,
    -0.042587354692681885,
    -0.9841098478819053,
    0.15847732552970595
   ],
   [
    -0.9171973185255826,
    0.3573927462672581,
    -0.17612354699195626,
    1.0665242483101611
   ],
   [
    0.0,
    0.0,
    0.0,
    1.0
   ]
  ],
  [
   [
    -0.6933672816068539,
    0.7197805316576115,
    0.03402644624123886,
    0.16169836189988146
   ],
   [
    0.09287980958776844,
    0.13609869108101505,
    -0.9863318342510163,
    0.22767946524273386
   ],
   [
    -0.7145734068435947,
    -0.6807298528290949,
    -0.16121945819043593,
    1.3647521617930145
   ],
   [
    0.0,
    0.0,
    0.0,
    1.0
   ]
  ],
  [
   [
    0.19450079904492248,
    0.9689142953989073,
    0.1528873027511643,
    -0.00798666067321013
   ],
   [
    0.2254855898360039,
    0.10752533240317964,
    -0.9682946615921696,
    0.21299488154656288
   ],
   [
    -0.954633797823645,
    0.22280796902989208,
    -0.1975624483285692,
    1.2191758351292905
   ],
   [
    0.0,
    0.0,
    0.0,
    1.0
   ]
  ],
  [
   [
    0.9938092925404594,
    0.07609288780122465,
    0.08095037051367864,
    -0.10053145008775154
   ],
   [
    0.09863619877303297,
    -0.26899934706392237,
    -0.9580763286767868,
    0.26812798830620566
   ],
   [
    -0.051127197770249835,
    0.9601297952387758,
    -0.27483956400581866,
    1.4286207961897062
   ],
   [
    0.0,
    0.0,
    0.0,
    1.0
   ]
  ],
  [
   [
    0.800959241605776,
    0.5891941134232198,
    0.10637006154800076,
    -0.07774522006196634
   ],
   [
    0.2515837124458632,
    -0.16999499320022954,
    -0.9527892410805293,
    0.1946461105183982
   ],
   [
    -0.5432954342880647,
    0.7899063229233448,
    -0.2843907032366976,
    1.0464093454661556
   ],
   [
    0.0,
    0.0,
    0.0,
    1.0
   ]
  ],
  [
   [
    -0.21897292525402148,
    0.9714508999194514,
    0.09129078294868434,
    -0.5216201035060655
   ],
   [
    0.23043688520673486,
    0.14240243344165351,
    -0.9626112345522012,
    0.24048399409684418
   ],
   [
    -0.9481295797209974,
    -0.18974903424150186,
    -0.25504039692272784,
    1.358998464247018
   ],
   [
    0.0,
    0.0,
    0.0,
    1.0
   ]
  ],
  [
   [
    -0.6405561691310313,
    -0.7679110051846252,
    -0.0006944814734769581,
    0.30084076311941294
   ],
   [
    -0.07656305807415066,
    0.06476521300924386,
    -0.9949590772098122,
    0.19962111321266296
   ],
   [
    0.7640850033383139,
    -0.6372740033142784,
    -0.10027937162388632,
    1.448326966413045
   ],
   [
    0.0,
    0.0,
    0.0,
    1.0
   ]
  ],
  [
   [
    0.19055680552628163,
    -0.9812142382276536,
    0.030111834333779078,
    -0.30000867736806824
   ],
   [
    -0.2770677877930863,
    -0.08318416802728038,
    -0.9572428297757338,
    0.07152277625247527
   ],
   [
    0.9417651219041108,
    0.17406611642975012,
    -0.2877141676664543,
    1.4329334956581485
   ],
   [
    0.0,
    0.0,
    0.0,
    1.0
   ]
  ],
  [
   [
    0.4130735102309529,
    0.9095924353853913,
    -0.044853947821255,
    0.0706059924104161
   ],
   [
    0.1850940854578313,
    -0.13207723427161855,
    -0.9738047975419355,
    0.18968956361741796
   ],
   [
    -0.891689662760542,
    0.393950765549241,
    -0.2229177867491939,
    1.4480659286433695
   ],
   [
    0.0,
    0.0,
    0.0,
    1.0
   ]
  ],
  [
   [
    -0.4530003505062335,
    0.8914607122437859,
    -0.009406432215903916,
    0.1105682262783378
   ],
   [
    0.1838829934629841,
    0.08310644634064121,
    -0.9794285901951827,
    0.2237213365012155
   ],
   [
    -0.8723403734531162,
    -0.4454111775679113,
    -0.20157171364366921,
    0.9665222437938668
   ],
   [
    0.0,
    0.0,
    0.0,
    1.0
   ]
  ],
  [
   [
    -0.9890203254318238,
    -0.14157647102505638,
    -0.04236624522919812,
    -0.20043262000733514
   ],
   [
    0.0017473571391743473,
    0.27546200922030034,
    -0.9613103703899915,
    0.2710603960065435
   ],
   [
    0.14776922083355962,
    -0.950829524325158,
    -0.2721901413457805,
    0.6467754666934715
   ],
   [
    0.0,
    0.0,
    0.0,
    1.0
   ]
  ],
  [
   [
    -0.9918151007772519,
    0.1274254056446993,
    0.008097645737740354,
    -0.49163034825823193
   ],
   [
    0.01818698654340101,
    0.20376250463171036,
    -0.9788514061013974,
    0.24382870271371193
   ],
   [
    -0.12638053406549715,
    -0.9706923342143462,
    -0.20441221320367298,
    1.381765843840961
   ],
   [
    0.0,
    0.0,
    0.0,
    1.0
   ]
  ],
  [
   [
    0.6340113321240176,
    0.7732595421426693,
    0.009965501675172666,
    -0.4904916616076451
   ],
   [
    0.08776059624462815,
    -0.0591414272498511,
    -0.9943844172801775,
    0.1669505824762818
   ],
   [
    -0.7683278652275444,
    0.63132556741206,
    -0.10535805354468222,
    1.2168631707065818
   ],
   [
    0.0,
    0.0,
    0.0,
    1.0
   ]
  ],
  [
   [
    -0.8190547730134995,
    -0.5557061134973263,
    0.14261835164347467,
    -0.06435379917864752
   ],
   [
    -0.1895709718679977,
    0.027517707586999295,
    -0.9814813408283318,
    0.2516335657292762
   ],
   [
    0.5414906512847917,
    -0.8309232763563988,
    -0.12788425775019788,
    0.6911248231665539
   ],
   [
    0.0,
    0.0,
    0.0,
    1.0
   ]
  ],
  [
   [
    -0.1953605678352457,
    0.980598664781504,
    -0.016140234317427827,
    0.4392562314020989
   ],
   [
    0.24766802731032722,
    0.03340457266659606,
    -0.9682689103617724,
    0.26421565687639126
   ],
   [
    -0.9489440430200836,
    -0.19315898413921434,
    -0.2493888731740159,
    0.9082827637051629
   ],
   [
    0.0,
    0.0,
    0.0,
    1.0
   ]
  ],
  [
   [
    -0.698413886657471,
    -0.6943159353573289,
    0.17361861891192085,
    -0.058058951121650576
   ],
   [
    -0.2319129292643674,
    -0.009945240363471036,
    -0.9726857074277044,
    0.1634165062457612
   ],
   [
    0.6770778656580252,
    -0.719601607907452,
    -0.15407494842765265,
    1.1907892291486035
   ],
   [
    0.0,
    0.0,
    0.0,
    1.0
   ]
  ],
  [
   [
    -0.694815214981526,
    0.7186935283105105,
    -0.02667263381755059,
    0.4577090215886849
   ],
   [
    0.11562554503996839,
    0.07502548928038172,
    -0.9904554049993617,
    0.21121028342481318
   ],
   [
    -0.7098327622506488,
    -0.691267522977052,
    -0.1352281823910433,
    1.444350345180367
   ],
   [
    0.0,
    0.0,
    0.0,
    1.0
   ]
  ],
  [
   [
    -0.8274753957903156,
    0.5614915371732017,
    -0.003423893183929318,
    0.09289320899586449
   ],
   [
    0.07607488581465846,
    0.10606659537226816,
    -0.9914446475191757,
    0.07784809019498573
   ],
   [
    -0.5563246184647478,
    -0.8206565243931288,
    -0.1304829025621474,
    1.8533125070660772
   ],
   [
    0.0,
    0.0,
    0.0,
    1.0
   ]
  ],
  [
   [
    -0.9899463463289682,
    -0.138022000749622,
    0.030921815907192757,
    0.026484296641710675
   ],
   [
    -0.05897481253492733,
    0.20406713730145554,
    -0.9771788858546109,
    0.02441805359798377
   ],
   [
    0.12856205846359653,
    -0.9691782760579501,
    -0.2101553385972923,
    1.4464476602087626
   ],
   [
    0.0,
    0.0,
    0.0,
    1.0
   ]
  ],
  [
   [
    -0.5464692585349082,
    -0.8315653487645549,
    -0.09934998847705985,
    -0.3338232642871418
   ],
   [
    -0.04859805106761741,
    0.1499170211161013,
    -0.9875034765569705,
    0.2125693188562292
   ],
   [
    0.8360679272097071,
    -0.5348120768211564,
    -0.12233749865639873,
    0.7397067920580405
   ],
   [
    0.0,
    0.0,
    0.0,
    1.0
   ]
  ],
  [
   [
    0.9183099915000595,
    0.35196297423484596,
    -0.18118726301515145,
    -0.011450211855638708
   ],
   [
    -0.1285886768133873,
    -0.16766563770944565,
    -0.9774217033230164,
    0.11835284770052334
   ],
   [
    -0.3743951277815226,
    0.92087474647709,
    -0.1087105771956502,
    1.2299634912748267
   ],
   [
    0.0,
    0.0,
    0.0,
    1.0
   ]
  ],
  [
   [
    -0.817071693723391,
    0.5669146527781427,
    -0.1048886256055798,
    -0.3218002077299251
   ],
   [
    0.15088063237416566,
    0.034672293099556224,
    -0.9879437569343668,
    0.17792912418548656
   ],
   [
    -0.5564430627569739,
    -0.82304654094204,
    -0.11386619056147516,
    1.0376043457795734
   ],
   [
    0.0,
    0.0,
    0.0,
    1.0
   ]
  ],
  [
   [
    0.6563702118849761,
    -0.7502439856117209,
    -0.07944876967903382,
    0.3543402910293758
   ],
   [
    -0.20005015240527566,
    -0.07153935680738797,
    -0.9771704339316715,
    0.2159167619305309
   ],
   [
    0.7274325270928553,
    0.6572793032501671,
    -0.19704272644854617,
    0.9834383295203275
   ],
   [
    0.0,
    0.0,
    0.0,
    1.0
   ]
  ],
  [
   [
    -0.6741857640360286,
    0.736176507792404,
    0.05931024317718248,
    -0.1852731890107303
   ],
   [
    0.05127562610335879,
    0.1267663455279326,
    -0.9906064323479842,
    0.1162663447943807
   ],
   [
    -0.7367797267425756,
    -0.6648115845982782,
    -0.12321197687344394,
    1.7561498890132674
   ],
   [
    0.0,
    0.0,
    0.0,
    1.0
   ]
  ],
  [
   [
    -0.8792851129694693,
    -0.4622476784062569,
    0.1148249707959617,
    0.07067606151033454
   ],
   [
    -0.17004205794985155,
    0.07946209811465499,
    -0.982227811401915,
    0.28563061951428925
   ],
   [
    0.4449082923911924,
    -0.8831833664484642,
    -0.14847138643627675,
    0.8525255942240161
   ],
   [
    0.0,
    0.0,
    0.0,
    1.0
   ]
  ],
  [
   [
    0.24777909960158964,
    -0.9623812881217296,
    0.11147992677512106,
    0.24099438361678344
   ],
   [
    -0.1625792887701917,
    -0.15474053898255843,
    -0.9744861930568163,
    0.20394266368078084
   ],
   [
    0.9550777416857773,
    0.22333298428254683,
    -0.19480473676953478,
    1.3591427826455325
   ],
   [
    0.0,
    0.0,
    0.0,
    1.0
   ]
  ],
  [
   [
    0.9508123506641728,
    -0.3095967620771048,
    0.010281961672866075,
    0.23718276198385024
   ],
   [
    -0.024854655594034634,
    -0.1093333165378408,
    -0.9936943554182736,
    0.21418434017403976
   ],
   [
    0.3087687159020029,
    0.9445613113007588,
    -0.1116503885977092,
    1.1122852243359787
   ],
   [
    0.0,
    0.0,
    0.0,
    1.0
   ]
  ],
  [
   [
    0.7001993403950548,
    -0.7100191169861618,
    0.07479129110077806,
    -0.3556723999519156
   ],
   [
    -0.15423883030554145,
    -0.2527200403983496,
    -0.9551664590044161,
    0.142313663567754
   ],
   [
    0.6970877039055481,
    0.6572712033059469,
    -0.2864669236900549,
    1.4598159619423574
   ],
   [
    0.0,
    0.0,
    0.0,
    1.0
   ]
  ],
  [
   [
    -0.21939404037099686,
    -0.9680690563569386,
    0.12127884058597083,
    0.23251095169350314
   ],
   [
    -0.3108822317095927,
    -0.04846105097414689,
    -0.9492121809931356,
    0.37841283696788097
   ],
   [
    0.9247802404122585,
    -0.24595493217796818,
    -0.29032340291540126,
    1.092308608037945
   ],
   [
    0.0,
    0.0,
    0.0,
    1.0
   ]
  ],
  [
   [
    0.3578089251069105,
    0.925953269465351,
    -0.12076140062232263,
    0.1924346177530702
   ],
   [
    0.17803650865768744,
    -0.19459766742967358,
    -0.9645904568343558,
    0.2785181165252588
   ],
   [
    -0.9166655740774927,
    0.3236391363808746,
    -0.23448226948710504,
    1.0719996309424327
   ],
   [
    0.0,
    0.0,
    0.0,
    1.0
   ]
  ],
  [
   [
    0.4518561140186782,
    -0.8912097963789831,
    0.039637747943983156,
    0.1665046379312195
   ],
   [
    -0.20953831167425305,
    -0.1492185198287605,
    -0.9663475199330823,
    0.23545594476220322
   ],
   [
    0.8671330625484441,
    0.4283444083657979,
    -0.25416789659024913,
    1.0100067332460418
   ],
   [
    0.0,
    0.0,
    0.0,
    1.0
   ]
  ],
  [
   [
    -0.8405975364991403,
    -0.5416150916018049,
    0.006991007133877999,
    -0.2462553629623393
   ],
   [
    -0.14825652658910551,
    0.21764502459354101,
    -0.9647023611422395,
    0.07750731047469706
   ],
   [
    0.5209757997789444,
    -0.8119628906660984,
    -0.2632498437337491,
    1.6017328790390841
   ],
   [
    0.0,
    0.0,
    0.0,
    1.0
   ]
  ],
  [
   [
    0.6684671304650461,
    -0.7373168325703557,
    0.09754785439077625,
    -0.6754727067977143
   ],
   [
    -0.06805949141695708,
    -0.19125064875754194,
    -0.9791787860129958,
    0.10170314284085313
   ],
   [
    0.7406210914603308,
    0.6479097759397037,
    -0.17802618101243248,
    1.0848724148855147
   ],
   [
    0.0,
    0.0,
    0.0,
    1.0
   ]
  ],
  [
   [
    -0.862567245897685,
    0.5042373635907473,
    0.04150213805980908,
    -0.0848950378855983
   ],
   [
    0.08229163507089321,
    0.22076096594729383,
    -0.9718501338742391,
    0.3128670120877107
   ],
   [
    -0.4992052013970225,
    -0.8348708146013194,
    -0.23191569551258878,
    1.0777372972425285
   ],
   [
    0.0,
    0.0,
    0.0,
    1.0
   ]
  ],
  [
   [
    -0.9757075871355101,
    0.16548663552012216,
    -0.14355792513975274,
    -0.13012484667353066
   ],
   [
    0.1697644897831648,
    0.15694269307033262,
    -0.9729075028493168,
    0.2417693165151803
   ],
   [
    -0.13847282193579502,
    -0.973644270026821,
    -0.1812239306192094,
    1.313266789594323
   ],
   [
    0.0,
    0.0,
    0.0,
    1.0
   ]
  ],
  [
   [
    0.5433855134371666,
    0.8363264259697896,
    0.07273440046652528,
    -0.07328763619986758
   ],
   [
    0.26007363903681885,
    -0.08532971557486818,
    -0.9618110739215159,
    0.2671979414998691
   ],
   [
    -0.7981816122066293,
    0.5415505044448857,
    -0.2638733883337173,
    0.766318125417908
   ],
   [
    0.0,
    0.0,
    0.0,
    1.0
   ]
  ],
  [
   [
    0.5592656213797988,
    0.8254218304512724,
    -0.07681644717857598,
    0.07118904867433598
   ],
   [
    0.1812978197663518,
    -0.21220356920008293,
    -0.9602607696697362,
    0.09196852232156494
   ],
   [
    -0.8089209264759044,
    0.5231141816403154,
    -0.26832533923606244,
    1.2462340992294794
   ],
   [
    0.0,
    0.0,
    0.0,
    1.0
   ]
  ],
  [
   [
    -0.010840706582773358,
    -0.9905690708429276,
    0.13658475379838333,
    -0.4372891904619093
   ],
   [
    -0.15886295898666564,
    -0.1331517892454206,
    -0.9782807170146732,
    0.164551191114091
   ],
   [
    0.9872411252286779,
    -0.03230351234961779,
    -0.1559212741965992,
    1.4714169885928892
   ],
   [
    0.0,
    0.0,
    0.0,
    1.0
   ]
  ],
  [
   [
    0.14945851381403874,
    0.9886341084521281,
    -0.016271209345499055,
    0.16920765461705417
   ],
   [
    0.1698242755029851,
    -0.041878039882181896,
    -0.9845841483720488,
    0.18468764331419985
   ],
   [
    -0.9740748780758,
    0.1443912372018904,
    -0.17415310080765836,
    1.3905416893177143
   ],
   [
    0.0,
    0.0,
    0.0,
    1.0
   ]
  ],
  [
   [
    -0.4874648202204967,
    0.8723958710544202,
    0.03610392242676564,
    0.016592721482874995
   ],
   [
    0.17729680024608366,
    0.1393859460595841,
    -0.9742368308905053,
    0.23209266379055626
   ],
   [
    -0.8549525680819368,
    -0.4685050716996279,
    -0.22261874162304277,
    1.416451539976261
   ],
   [
    0.0,
    0.0,
    0.0,
    1.0
   ]
  ],
  [
   [
    -0.9164368067538243,
    -0.38233350373814035,
    0.11817220970334374,
    0.17610066759350548
   ],
   [
    -0.17473583575460186,
    0.11665114687932485,
    -0.977680877196071,
    0.18753683348606875
   ],
   [
    0.3600152315249931,
    -0.9166316609473273,
    -0.1737107688629287,
    1.102407824593341
   ],
   [
    0.0,
    0.0,
    0.0,
    1.0
   ]
  ],
  [
   [
    -0.6861656899088736,
    0.7224312379712311,
    -0.08526284299290923,
    0.061006016864030274
   ],
   [
    0.24233321686144285,
    0.11649245280766798,
    -0.963173982437461,
    0.1909416436889123
   ],
   [
    -0.6858944948003767,
    -0.6815589591827016,
    -0.25500221010871343,
    0.8305842793362632
   ],
   [
    0.0,
    0.0,
    0.0,
    1.0
   ]
  ],
  [
   [
    -0.6201958383523686,
    -0.7786340821399841,
    0.09532097471399982,
    -0.20786985900168495
   ],
   [
    -0.15813616731056612,
    0.005079481458019126,
    -0.9874042492598677,
    0.18071330399225438
   ],
   [
    0.7683424201999578,
    -0.6274576997679943,
    -0.12628048274824877,
    1.6174143851629659
   ],
   [
    0.0,
    0.0,
    0.0,
    1.0
   ]
  ],
  [
   [
    0.15086709015346353,
    0.9824638758331078,
    0.10956210016066065,
    0.37861907541251094
   ],
   [
    0.17075249650570956,
    0.08326613655442418,
    -0.9817893539045778,
    0.1554712497750822
   ],
   [
    -0.9736953866819408,
    0.1668277050920741,
    -0.15519603979489183,
    1.1513334122275165
   ],
   [
    0.0,
    0.0,
    0.0,
    1.0
   ]
  ],
  [
   [
    -0.9840322662294264,
    -0.17798952199953377,
    0.00047862068153040126,
    0.526521273682807
   ],
   [
    -0.033390839668757125,
    0.18196186102704315,
    -0.9827384865557013,
    0.12285291952412758
   ],
   [
    0.17483006276265692,
    -0.967062361582723,
    -0.1849995620655702,
    0.957284251433227
   ],
   [
    0.0,
    0.0,
    0.0,
    1.0
   ]
  ],
  [
   [
    -0.7108161134147084,
    -0.7033237543067394,
    0.008726370258093133,
    0.3057333608820591
   ],
   [
    -0.07762909349521899,
    0.06611339895571341,
    -0.9947877875816694,
    0.2530731442347762
   ],
   [
    0.6990809515021267,
    -0.7077886090538584,
    -0.10159285477082274,
    1.271694721231484
   ],
   [
    0.0,
    0.0,
    0.0,
    1.0
   ]
  ],
  [
   [
    -0.4194759748689763,
    -0.9017104878689783,
    -0.10468095612292963,
    -0.20292696971059931
   ],
   [
    -0.09527997096764895,
    0.15841493255472422,
    -0.9827646901858483,
    0.11064682455366659
   ],
   [
    0.9027522548518643,
    -0.4022721780222576,
    -0.15236620737257714,
    0.8737274078173896
   ],
   [
    0.0,
    0.0,
    0.0,
    1.0
   ]
  ],
  [
   [
    -0.3963794974891955,
    -0.9171528921959919,
    0.04139886842341911,
    -0.6298136001851369
   ],
   [
    -0.14973054250000906,
    0.020090866311144966,
    -0.9885226966203257,
    0.24893134873004563
   ],
   [
    0.9057947110757855,
    -0.39802880477095426,
    -0.14528940759649223,
    0.7457629662801976
   ],
   [
    0.0,
    0.0,
    0.0,
    1.0
   ]
  ],
  [
   [
    -0.562062305919931,
    -0.8270239255749745,
    0.010834703066020836,
    0.08781579993707861
   ],
   [
    -0.1626861088697923,
    0.09770201906773898,
    -0.9818286741845003,
    0.24300113221564046
   ],
   [
    0.8109372320005889,
    -0.5536115443130194,
    -0.18945992652425972,
    1.6085436765584322
   ],
   [
    0.0,
    0.0,
    0.0,
    1.0
   ]
  ],
  [
   [
    0.20803645285394595,
    -0.9776943212461536,
    0.028890283608355802,
    -0.2568497765049136
   ],
   [
    -0.19860257962336916,
    -0.07114357691027823,
    -0.9774945559088059,
    0.09939385446006821
   ],
   [
    0.9577462344749214,
    0.19761681524463992,
    -0.20897307166636112,
    1.318209000103252
   ],
   [
    0.0,
    0.0,
    0.0,
    1.0
   ]
  ],
  [
   [
    0.76502373428122,
    -0.6279587886756068,
    0.14285113129226856,
    -0.42808661316880803
   ],
   [
    -0.056848012006710566,
    -0.2868005386859905,
    -0.9563021251363555,
    -0.0136249535968469
   ],
   [
    0.641488105515061,
    0.7234730200460066,
    -0.2551074278577723,
    1.428004916011632
   ],
   [
    0.0,
    0.0,
    0.0,
    1.0
   ]
  ],
  [
   [
    -0.8194006553318598,
    0.5507420196938105,
    -0.15895217452208837,
    0.2050628870775275
   ],
   [
    0.2559115262939047,
    0.1033433515118825,
    -0.961160466523783,
    0.1421831661454538
   ],
   [
    -0.5129248061379388,
    -0.828253209738347,
    -0.22562084080705833,
    1.4137353013770155
   ],
   [
    0.0,
    0.0,
    0.0,
    1.0
   ]
  ],
  [
   [
    -0.4492238957266544,
    -0.8934166065560907,
    0.00215838781700435,
    -0.2793740857647343
   ],
   [
    -0.20416004685114736,
    0.10030232734816893,
    -0.9737854580955081,
    0.26808245896877025
   ],
   [
    0.8697796081639911,
    -0.43788835364547135,
    -0.2274581784938786,
    0.8501288734750183
   ],
   [
    0.0,
    0.0,
    0.0,
    1.0
   ]
  ],
  [
   [
    -0.9603153392207959,
    0.2639555423611731,
    0.09012170057243032,
    -0.3473076249902902
   ],
   [
    -0.051921543817404464,
    0.14828771330031135,
    -0.9875803295792103,
    0.19556163939982452
   ],
   [
    -0.27404124241592726,
    -0.9530677970328152,
    -0.12869798644171224,
    1.2713583834666997
   ],
   [
    0.0,
    0.0,
    0.0,
    1.0
   ]
  ],
  [
   [
    -0.685676751678578,
    0.7265684398740591,
    0.04411002591803734,
    -0.06235942420546589
   ],
   [
    0.18210525719466747,
    0.22989666469782843,
    -0.9560257312765588,
    0.17459191057477785
   ],
   [
    -0.7047588718913569,
    -0.6474919503281797,
    -0.2899467308845401,
    1.7131413151408323
   ],
   [
    0.0,
    0.0,
    0.0,
    1.0
   ]
  ],
  [
   [
    0.8424235593706167,
    -0.5388158740270421,
    -2.2667513197292196e-05,
    -0.18579007446115348
   ],
   [
    -0.09230230957793933,
    -0.1442706337036561,
    -0.9852239683936459,
    0.18882465081067656
   ],
   [
    0.5308510433859193,
    0.8299779744952395,
    -0.1712709303672406,
    0.7057968193808363
   ],
   [
    0.0,
    0.0,
    0.0,
    1.0
   ]
  ],
  [
   [
    0.9534976900025778,
    -0.29654957546800986,
    -0.05385633156361818,
    0.04587667113239739
   ],
   [
    -0.09149255984505744,
    -0.114528501521861,
    -0.9891978234064992,
    0.06089017150234344
   ],
   [
    0.28717810963363144,
    0.9481252932122944,
    -0.13633474142108462,
    1.4731336543624718
   ],
   [
    0.0,
    0.0,
    0.0,
    1.0
   ]
  ],
  [
   [
    -0.9522397558952758,
    -0.2865529471132864,
    0.10548391248525242,
    -0.25107831332162595
   ],
   [
    -0.13954306803867958,
    0.10110701881639894,
    -0.9850406605356012,
    0.08698601847167253
   ],
   [
    0.2716011403784214,
    -0.9527144269122575,
    -0.13626460031274035,
    1.6277377683612326
   ],
   [
    0.0,
    0.0,
    0.0,
    1.0
   ]
  ],
  [
   [
    -0.5917506010359426,
    0.8055976087881843,
    0.02904683955889441,
    0.0793160936307989
   ],
   [
    0.13564478959553206,
    0.13502738842266684,
    -0.9815131662037646,
    0.22510824327486112
   ],
   [
    -0.7946267785754425,
    -0.5768709535853878,
    -0.18917765639816395,
    1.4942724397799907
   ],
   [
    0.0,
    0.0,
    0.0,
    1.0
   ]
  ],
  [
   [
    0.0017399176587289294,
    0.9942349763381912,
    0.10720906917018069,
    0.1642915326872315
   ],
   [
    0.2753069564246388,
    0.10259001395246192,
    -0.955866815399214,
    0.2022586438556655
   ],
   [
    -0.961354800492899,
    0.03117853208586701,
    -0.2735413071297054,
    0.9828694996414021
   ],
   [
    0.0,
    0.0,
    0.0,
    1.0
   ]
  ],
  [
   [
    -0.06589345346770675,
    0.9955522297638713,
    0.06733357707922122,
    -0.1576584850393276
   ],
   [
    0.19120843337022567,
    0.07882775136555382,
    -0.9783790270762931,
    0.20559820613256363
   ],
   [
    -0.9793351764325646,
    -0.05159402510790082,
    -0.19555221495795497,
    0.991531257679152
   ],
   [
    0.0,
    0.0,
    0.0,
    1.0
   ]
  ],
  [
   [
    0.9799192082960931,
    -0.184881816487203,
    -0.07467971039546017,
    -0.14428038108636246
   ],
   [
    -0.11794638684215004,
    -0.23547257963273407,
    -0.9646975246531873,
    0.1549107139268131
   ],
   [
    0.16077000666554495,
    0.9541338366149149,
    -0.2525502460566266,
    1.6935022473523766
   ],
   [
    0.0,
    0.0,
    0.0,
    1.0
   ]
  ],
  [
   [
    0.03944062004006189,
    -0.9991153871055385,
    -0.014590433160296562,
    -0.3578540597991748
   ],
   [
    -0.2364123633557639,
    0.004856704473670751,
    -0.9716406778610078,
    0.3230999303442168
   ],
   [
    0.9708520134105911,
    0.041771469576794194,
    -0.23601167849493618,
    0.9549550817509413
   ],
   [
    0.0,
    0.0,
    0.0,
    1.0
   ]
  ],
  [
   [
    -0.9998356101735204,
    0.004476397598967718,
    -0.017570273005277914,
    0.005145222343558388
   ],
   [
    0.018130336208245695,
    0.25797944179655424,
    -0.9659802785353923,
    0.23174959690844632
   ],
   [
    0.00020865742262868178,
    -0.9661400361618777,
    -0.2580181911943532,
    1.5261905748373559
   ],
   [
    0.0,
    0.0,
    0.0,
    1.0
   ]
  ],
  [
   [
    0.6819068038858567,
    0.7242438509243742,
    -0.10234234320362408,
    0.2803581737568541
   ],
   [
    0.1495364082990947,
    -0.27500248351312667,
    -0.9497433846332488,
    0.11842484247583596
   ],
   [
    -0.7159902048262826,
    0.6323325695074112,
    -0.29582688879304503,
    1.329963069570113
   ],
   [
    0.0,
    0.0,
    0.0,
    1.0
   ]
  ],
  [
   [
    0.7615859248045521,
    0.6477765117070406,
    -0.019299482383053835,
    0.16932931490489622
   ],
   [
    0.1741247251596901,
    -0.23322070349195714,
    -0.9567072088945396,
    0.15397562386738817
   ],
   [
    -0.62423349736109,
    0.7252542273874559,
    -0.29041151221838196,
    1.6781433504166225
   ],
   [
    0.0,
    0.0,
    0.0,
    1.0
   ]
  ],
  [
   [
    0.14848918705769013,
    -0.988768139550284,
    0.016986098351798644,
    -0.11791113574094853
   ],
   [
    -0.16272850320365462,
    -0.04137306766892846,
    -0.9858030754246822,
    0.15966261596114206
   ],
   [
    0.9754334398471505,
    0.1436169749087236,
    -0.167044212548722,
    1.4259560864834957
   ],
   [
    0.0,
    0.0,
    0.0,
    1.0
   ]
  ],
  [
   [
    0.8156664453376952,
    -0.577073977291999,
    -0.04091301360889272,
    0.45217407737754595
   ],
   [
    -0.1439135658999027,
    -0.13390084093753007,
    -0.9804893932859227,
    0.17849718391835068
   ],
   [
    0.5603366269486071,
    0.805640235793009,
    -0.19226719681537432,
    0.8819663272594473
   ],
   [
    0.0,
    0.0,
    0.0,
    1.0
   ]
  ],
  [
   [
    -0.9926479403836278,
    0.09698035293480342,
    0.07242152716411702,
    0.07947494528078917
   ],
   [
    -0.061901991137061345,
    0.10740345463970541,
    -0.9922865722283681,
    0.2735942407218964
   ],
   [
    -0.10401062419488295,
    -0.9894742589254651,
    -0.10061054109035061,
    0.8147876659685931
   ],
   [
    0.0,
    0.0,
    0.0,
    1.0
   ]
  ],
  [
   [
    -0.1520382942921026,
    0.9856454379247775,
    0.07339909922350027,
    0.002733871813001998
   ],
   [
    0.20221970964499617,
    0.1037123586452207,
    -0.9738331149100127,
    0.2026057826064741
   ],
   [
    -0.9674665607140338,
    -0.13321718118290277,
    -0.21508518437549382,
    1.2981791023397558
   ],
   [
    0.0,
    0.0,
    0.0,
    1.0
   ]
  ],
  [
   [
    -0.6079886265090775,
    -0.7779232886877125,
    0.15869841509258867,
    -0.13135731305213838
   ],
   [
    -0.20226608658389678,
    -0.04152461174664152,
    -0.9784498642430923,
    0.17367753216435156
   ],
   [
    0.7677488262795592,
    -0.6269856964369959,
    -0.13210100760317517,
    0.7023212364182763
   ],
   [
    0.0,
    0.0,
    0.0,
    1.0
   ]
  ],
  [
   [
    0.9659565989144557,
    -0.23470484856525745,
    -0.10881857871511227,
    -0.0023899456598919233
   ],
   [
    -0.1372410525795107,
    -0.1083343755501084,
    -0.9845956309881921,
    0.19773912831219165
   ],
   [
    0.2193005756957458,
    0.9660110232984545,
    -0.1368574454145147,
    1.3512477555285294
   ],
   [
    0.0,
    0.0,
    0.0,
    1.0
   ]
  ],
  [
   [
    -0.9760188396522151,
    -0.21671266828146726,
    -0.020563172184033786,
    0.41840951374940855
   ],
   [
    -0.00275012579805504,
    0.10673031732842356,
    -0.99428420291739,
    0.08248896164912001
   ],
   [
    0.2176686965368203,
    -0.9703835627056453,
    -0.10476678757440701,
    1.3769300376889597
   ],
   [
    0.0,
    0.0,
    0.0,
    1.0
   ]
  ],
  [
   [
    -0.40422774377406323,
    -0.9139298489842856,
    -0.036498798595165055,
    0.08497960161870663
   ],
   [
    -0.17026032373436514,
    0.11439243968959789,
    -0.9787368348558921,
    0.16836912708759466
   ],
   [
    0.8986719942922442,
    -0.38941828523763733,
    -0.20184658975910091,
    1.3519938816261359
   ],
   [
    0.0,
    0.0,
    0.0,
    1.0
   ]
  ],
  [
   [
    0.9875284309308257,
    -0.07585701330255457,
    -0.13796126860868535,
    -0.1395313311484873
   ],
   [
    -0.14696973850608303,
    -0.12992952298354615,
    -0.9805703518976708,
    0.3183243697844491
   ],
   [
    0.05645789640746112,
    0.98861723259818,
    -0.139457783372461,
    1.303219411093541
   ],
   [
    0.0,
    0.0,
    0.0,
    1.0
   ]
  ],
  [
   [
    -0.5884433344731526,
    -0.7947825342392623,
    0.14850981577772202,
    0.07122333562492414
   ],
   [
    -0.2224327236819141,
    -0.017460222083437806,
    -0.9747916824020612,
    0.28923022474448534
   ],
   [
    0.777340418059914,
    -0.6066431108263018,
    -0.16651129252223343,
    1.2004148389609515
   ],
   [
    0.0,
    0.0,
    0.0,
    1.0
   ]
  ],
  [
   [
    0.1561017825480498,
    -0.9876424375151238,
    0.013951670312424199,
    0.14104569733070108
   ],
   [
    -0.1818689084157941,
    -0.0426228769077777,
    -0.9823985904487813,
    0.19472117330647354
   ],
   [
    0.9708531988086402,
    0.15081679609144832,
    -0.18627495907861985,
    1.7419045805614275
   ],
   [
    0.0,
    0.0,
    0.0,
    1.0
   ]
  ],
  [
   [
    0.7791680359086891,
    -0.6227179260629166,
    -0.07155107531055402,
    -0.24855240591004923
   ],
   [
    -0.1404889266794165,
    -0.06224838297657664,
    -0.9881234742162885,
    0.1427261619986686
   ],
   [
    0.610868261819733,
    0.7799663604135133,
    -0.13598692335896254,
    1.3531822835326397
   ],
   [
    0.0,
    0.0,
    0.0,
    1.0
   ]
  ],
  [
   [
    -0.9898550506661642,
    -0.14187400996725166,
    -0.007664461266007896,
    -0.2975431415492246
   ],
   [
    -0.02914791130577738,
    0.25557018607582427,
    -0.96635101244614,
    0.22528926687716477
   ],
   [
    0.1390589009635725,
    -0.9563240273489848,
    -0.2571127705459665,
    1.3996648600860124
   ],
   [
    0.0,
    0.0,
    0.0,
    1.0
   ]
  ],
  [
   [
    -0.09299754246141043,
    -0.9885571384880325,
    -0.11876969748421043,
    0.3584329163496478
   ],
   [
    -0.1423191873556301,
    0.1312597851194527,
    -0.9810790578341934,
    0.07673908842450972
   ],
   [
    0.9854423910135853,
    -0.0743347345105087,
    -0.1528974860443455,
    1.34814868733293
   ],
   [
    0.0,
    0.0,
    0.0,
    1.0
   ]
  ],
  [
   [
    0.8599967941387104,
    0.5046403211893206,
    0.07578694017494277,
    0.13493208618920913
   ],
   [
    0.20172376537156153,
    -0.19977254482642723,
    -0.9588526752415578,
    0.2219508721945057
   ],
   [
    -0.4687355721037825,
    0.8398982536971443,
    -0.2736016938562832,
    1.4703087841972733
   ],
   [
    0.0,
    0.0,
    0.0,
    1.0
   ]
  ],
  [
   [
    0.4254936707520096,
    0.8854383342702214,
    0.18696013573688722,
    0.00817237502043229
   ],
   [
    0.21891644972780253,
    0.09974929362566404,
    -0.9706315812190303,
    0.12121304988689352
   ],
   [
    -0.8780835519405626,
    0.45392624359686023,
    -0.15139432349163223,
    0.7594084610815399
   ],
   [
    0.0,
    0.0,
    0.0,
    1.0
   ]
  ],
  [
   [
    0.09671497572496796,
    -0.9909467794121444,
    -0.0931165605207686,
    -0.3171713535258819
   ],
   [
    -0.15462823517021437,
    0.07745982967609917,
    -0.9849315121746764,
    0.2104548945542185
   ],
   [
    0.9832275028489916,
    0.10965607670917665,
    -0.14573682610132324,
    0.784186277238046
   ],
   [
    0.0,
    0.0,
    0.0,
    1.0
   ]
  ],
  [
   [
    -0.5926382811356662,
    -0.790616190855024,
    -0.15396722537753169,
    0.09246303604310019
   ],
   [
    -0.07161397384392611,
    0.24211498812376483,
    -0.9676010393111987,
    0.12154247084717296
   ],
   [
    0.8022788209113122,
    -0.562411211911464,
    -0.20010577761132667,
    1.6047065193149233
   ],
   [
    0.0,
    0.0,
    0.0,
    1.0
   ]
  ],
  [
   [
    0.9293253381456656,
    -0.3692427057528173,
    -0.003773609516399317,
    -0.2609891389588337
   ],
   [
    -0.04186625829573617,
    -0.09520629571286096,
    -0.9945767831962247,
    0.0789804661726845
   ],
   [
    0.3668809511227841,
    0.9244433922663811,
    -0.10393643344981468,
    1.409976048614369
   ],
   [
    0.0,
    0.0,
    0.0,
    1.0
   ]
  ],
  [
   [
    0.15948484814725936,
    -0.9871998963751185,
    0.0009735545188063859,
    -0.1921558249833205
   ],
   [
    -0.276813638321774,
    -0.04566657244683321,
    -0.9598378893334124,
    0.19457516291421928
   ],
   [
    0.9475963237848216,
    0.15281010685787014,
    -0.2805535214385637,
    1.151342530142113
   ],
   [
    0.0,
    0.0,
    0.0,
    1.0
   ]
  ],
  [
   [
    0.8858272687692407,
    -0.4466249887616352,
    0.12584184247895006,
    -0.004650849647598265
   ],
   [
    0.06412901768858321,
    -0.15076230081583114,
    -0.9864878092216924,
    0.2087844026802982
   ],
   [
    0.4595623124181586,
    0.8819279154592999,
    -0.10490773536059617,
    1.3158860227257518
   ],
   [
    0.0,
    0.0,
    0.0,
    1.0
   ]
  ],
  [
   [
    -0.9872779768352649,
    0.15425220051832098,
    -0.03858050143946554,
    -0.08225384912156214
   ],
   [
    0.0745420424669671,
    0.234688195299179,
    -0.9692084063255261,
    0.20518224334877377
   ],
   [
    -0.14044814118000262,
    -0.959753983905495,
    -0.2432007607237529,
    1.0161780545628178
   ],
   [
    0.0,
    0.0,
    0.0,
    1.0
   ]
  ],
  [
   [
    0.987308852327722,
    0.15016439619242378,
    -0.05169027211652835,
    -0.2305822102879834
   ],
   [
    -0.01002063272766581,
    -0.2659279138773442,
    -0.9639408340456277,
    0.23781894042491314
   ],
   [
    -0.1584954795413838,
    0.9522252878058891,
    -0.2610482411891299,
    1.2653422912084937
   ],
   [
    0.0,
    0.0,
    0.0,
    1.0
   ]
  ],
  [
   [
    0.39760449044005564,
    0.9143823770176996,
    0.07625967336256992,
    0.3998754613696729
   ],
   [
    0.2947941547806284,
    -0.04859566576612585,
    -0.9543242989549843,
    0.24588128056419323
   ],
   [
    -0.8689114313260468,
    0.40192453255332505,
    -0.28887643490377024,
    1.5128943432380606
   ],
   [
    0.0,
    0.0,
    0.0,
    1.0
   ]
  ],
  [
   [
    -0.1474656616817105,
    -0.9811089457144213,
    0.12521627395794738,
    0.4959492656236677
   ],
   [
    -0.14503010078012266,
    -0.10378256317511599,
    -0.9839692319623157,
    0.2807973164824946
   ],
   [
    0.9783762816485704,
    -0.16326180269719964,
    -0.12698596492360015,
    0.8281394441185136
   ],
   [
    0.0,
    0.0,
    0.0,
    1.0
   ]
  ],
  [
   [
    -0.15797545101831587,
    0.9871774970979763,
    -0.022898604737724412,
    0.22827361380624644
   ],
   [
    0.25192032301661876,
    0.01787006554354143,
